   1.0000000000000000E-002   50625914157.987160     
   2.0000000000000000E-002   5668816130.8122597     
   2.9999999999999999E-002   2037043215.2263391     
   4.0000000000000001E-002   1034611068.0193391     
   5.0000000000000003E-002   625270649.51204073     
   5.9999999999999998E-002   418085566.87121886     
   7.0000000000000007E-002   299277215.17854095     
   8.0000000000000002E-002   224380175.54746714     
   8.9999999999999997E-002   174901920.40251693     
  0.10000000000000001        139989337.31325027     
  0.11000000000000000        114292015.70923431     
  0.12000000000000000        95009182.965738773     
  0.13000000000000000        80488092.468342260     
  0.14000000000000001        69053596.543476164     
  0.14999999999999999        59696918.535614975     
  0.16000000000000000        52208452.206217766     
  0.17000000000000001        45956172.502522022     
  0.17999999999999999        40730673.191272803     
  0.19000000000000000        36401258.247910537     
  0.20000000000000001        32786127.553647194     
  0.20999999999999999        29658111.792704463     
  0.22000000000000000        27037747.860663932     
  0.23000000000000001        24485182.395593431     
  0.23999999999999999        22439189.862470996     
  0.25000000000000000        20575466.195636950     
  0.26000000000000001        19004483.097026929     
  0.27000000000000002        17595091.722153626     
  0.28000000000000003        16327981.831120262     
  0.28999999999999998        15164051.764705174     
  0.29999999999999999        14170505.065281095     
  0.31000000000000000        13226156.442528419     
  0.32000000000000001        12388020.881649135     
  0.33000000000000002        11618047.157045249     
  0.34000000000000002        10906208.588635353     
  0.35000000000000003        10270023.443959689     
  0.35999999999999999        9674195.8029054143     
  0.37000000000000000        9105132.1430925038     
  0.38000000000000000        8689039.3606664333     
  0.39000000000000001        8204438.6585607836     
  0.40000000000000002        7772657.1727070920     
  0.41000000000000003        7412481.9799537621     
  0.41999999999999998        7029339.4694313304     
  0.42999999999999999        6692702.1619468266     
  0.44000000000000000        6392397.6257887091     
  0.45000000000000001        6067618.9515074547     
  0.46000000000000002        5802534.3773409370     
  0.47000000000000003        5561571.8661620868     
  0.47999999999999998        5314170.3236658284     
  0.48999999999999999        5095224.8132667551     
  0.50000000000000000        4903258.3477806142     
  0.51000000000000001        4679539.1335481368     
  0.52000000000000002        4490362.6700222557     
  0.53000000000000003        4316715.1313272817     
  0.54000000000000004        4152457.9754446880     
  0.55000000000000004        3999811.1394598805     
  0.56000000000000005        3860718.3736238526     
  0.57000000000000006        3706070.3633062867     
  0.57999999999999996        3585408.8616535626     
  0.58999999999999997        3446671.2601060984     
  0.59999999999999998        3316775.0777220260     
  0.60999999999999999        3212340.4981275867     
  0.62000000000000000        3097740.7279065410     
  0.63000000000000000        3011242.0810477333     
  0.64000000000000001        2902680.6602888037     
  0.65000000000000002        2800499.5983652677     
  0.66000000000000003        2725805.4678646433     
  0.67000000000000004        2629219.1458145538     
  0.68000000000000005        2549972.2020759089     
  0.69000000000000006        2476877.9507363336     
  0.70000000000000007        2400808.7818445773     
  0.70999999999999996        2319238.3966175234     
  0.71999999999999997        2263659.7671526922     
  0.72999999999999998        2196693.9950403469     
  0.73999999999999999        2137621.2431601174     
  0.75000000000000000        2079014.7622266735     
  0.76000000000000001        2012956.4843088882     
  0.77000000000000002        1954092.8195913541     
  0.78000000000000003        1905460.6123280085     
  0.79000000000000004        1854704.8879619688     
  0.80000000000000004        1801980.7084708577     
  0.81000000000000005        1751005.2340166930     
  0.82000000000000006        1705987.1603339694     
  0.83000000000000007        1670527.6965267223     
  0.83999999999999997        1622320.1094356263     
  0.84999999999999998        1582098.5439232651     
  0.85999999999999999        1537948.0534158249     
  0.87000000000000000        1497542.2444450140     
  0.88000000000000000        1474265.8797124915     
  0.89000000000000001        1428315.1549628493     
  0.90000000000000002        1398592.5032529079     
  0.91000000000000003        1364464.2180167967     
  0.92000000000000004        1328349.0051577976     
  0.93000000000000005        1297616.1761942632     
  0.94000000000000006        1271692.0975490478     
  0.95000000000000007        1238246.0416685143     
  0.95999999999999996        1214072.8733661682     
  0.96999999999999997        1182495.2916978821     
  0.97999999999999998        1151549.3194766811     
  0.98999999999999999        1133453.5314333425     
   1.0000000000000000        1101412.8121538921     
   1.0000000000000000E-002   254125880733.69107     
   2.0000000000000000E-002   28068848705.807716     
   2.9999999999999999E-002   10035228457.761894     
   4.0000000000000001E-002   5104092528.8369579     
   5.0000000000000003E-002   3071501773.5928783     
   5.9999999999999998E-002   2042526142.4757586     
   7.0000000000000007E-002   1451783138.5275073     
   8.0000000000000002E-002   1082795447.1867032     
   8.9999999999999997E-002   838240999.09858453     
  0.10000000000000001        667372387.05021870     
  0.11000000000000000        543990873.69697309     
  0.12000000000000000        449606396.17448157     
  0.13000000000000000        378627827.08025634     
  0.14000000000000001        322807705.30255502     
  0.14999999999999999        277370920.03731793     
  0.16000000000000000        240873470.93783471     
  0.17000000000000001        211668766.92273077     
  0.17999999999999999        186418899.41675088     
  0.19000000000000000        166085216.62556520     
  0.20000000000000001        148394352.86980581     
  0.20999999999999999        133166768.18445440     
  0.22000000000000000        120213197.38924289     
  0.23000000000000001        109092736.09358123     
  0.23999999999999999        99189337.607236147     
  0.25000000000000000        90561084.940550297     
  0.26000000000000001        83270527.076654419     
  0.27000000000000002        76423722.011458129     
  0.28000000000000003        70401202.579118744     
  0.28999999999999998        65081684.396096170     
  0.29999999999999999        60233813.596128918     
  0.31000000000000000        55989092.194765367     
  0.32000000000000001        52105138.935206972     
  0.33000000000000002        48639408.080479912     
  0.34000000000000002        45480519.300282069     
  0.35000000000000003        42666094.011094347     
  0.35999999999999999        39853521.716878720     
  0.37000000000000000        37361540.759823464     
  0.38000000000000000        35212882.614468291     
  0.39000000000000001        33178423.518605202     
  0.40000000000000002        31264702.019068275     
  0.41000000000000003        29455720.562035181     
  0.41999999999999998        27922000.903014179     
  0.42999999999999999        26383505.919836897     
  0.44000000000000000        25014724.518439692     
  0.45000000000000001        23641009.064812437     
  0.46000000000000002        22495794.926965538     
  0.47000000000000003        21389806.059714921     
  0.47999999999999998        20286021.308218539     
  0.48999999999999999        19371874.843956836     
  0.50000000000000000        18387535.457721867     
  0.51000000000000001        17575255.230275899     
  0.52000000000000002        16732106.635729663     
  0.53000000000000003        15943095.601814633     
  0.54000000000000004        15275176.815198887     
  0.55000000000000004        14584197.570332639     
  0.56000000000000005        13935002.800801463     
  0.57000000000000006        13368242.441391094     
  0.57999999999999996        12781423.593904091     
  0.58999999999999997        12267498.847565485     
  0.59999999999999998        11725811.518731028     
  0.60999999999999999        11265378.427337719     
  0.62000000000000000        10810375.173529059     
  0.63000000000000000        10362438.288363384     
  0.64000000000000001        9945915.9532758649     
  0.65000000000000002        9575463.7584179584     
  0.66000000000000003        9201049.5070741959     
  0.67000000000000004        8878360.7436706163     
  0.68000000000000005        8537376.7948022541     
  0.69000000000000006        8213833.2157261642     
  0.70000000000000007        7915209.1841933094     
  0.70999999999999996        7618703.3363850191     
  0.71999999999999997        7335448.1360679176     
  0.72999999999999998        7089385.6734131416     
  0.73999999999999999        6818539.8026675237     
  0.75000000000000000        6595657.2713757092     
  0.76000000000000001        6367593.7584382528     
  0.77000000000000002        6150958.8331463924     
  0.78000000000000003        5928937.3210234242     
  0.79000000000000004        5726685.2816459667     
  0.80000000000000004        5542515.3359436272     
  0.81000000000000005        5339589.7037319476     
  0.82000000000000006        5157712.7777145365     
  0.83000000000000007        4989731.0720493123     
  0.83999999999999997        4839008.7735267105     
  0.84999999999999998        4664993.4847962735     
  0.85999999999999999        4511213.4155075280     
  0.87000000000000000        4370945.9752800204     
  0.88000000000000000        4230470.9082331527     
  0.89000000000000001        4098149.6125635779     
  0.90000000000000002        3964294.7639652556     
  0.91000000000000003        3840569.4328914387     
  0.92000000000000004        3726114.2937015025     
  0.93000000000000005        3608085.5747427517     
  0.94000000000000006        3479780.8979381174     
  0.95000000000000007        3383756.7946249670     
  0.95999999999999996        3276111.2076266515     
  0.96999999999999997        3161128.4809584604     
  0.97999999999999998        3072969.0824129507     
  0.98999999999999999        2974121.1095104367     
   1.0000000000000000        2873140.3802081668     
   1.0000000000000000E-002   1255944495379.2524     
   2.0000000000000000E-002   135447611814.34306     
   2.9999999999999999E-002   47272735957.763535     
   4.0000000000000001E-002   23336564499.558308     
   5.0000000000000003E-002   13651670468.898731     
   5.9999999999999998E-002   8819193671.6963272     
   7.0000000000000007E-002   6092532211.6471376     
   8.0000000000000002E-002   4411916493.5678635     
   8.9999999999999997E-002   3305402551.7397070     
  0.10000000000000001        2548865090.9994483     
  0.11000000000000000        2007626646.7931762     
  0.12000000000000000        1609998768.1973677     
  0.13000000000000000        1308704359.0142159     
  0.14000000000000001        1078460092.7352245     
  0.14999999999999999        897747047.47582698     
  0.16000000000000000        754279494.21967781     
  0.17000000000000001        638924230.71714318     
  0.17999999999999999        545159597.88678896     
  0.19000000000000000        467809506.89901096     
  0.20000000000000001        403659209.57783103     
  0.20999999999999999        349929362.52205825     
  0.22000000000000000        305499505.67508626     
  0.23000000000000001        267520517.93437225     
  0.23999999999999999        234968749.66852000     
  0.25000000000000000        206897051.08141980     
  0.26000000000000001        182858810.89844075     
  0.27000000000000002        162591420.70257869     
  0.28000000000000003        144517002.61019582     
  0.28999999999999998        128760512.75640726     
  0.29999999999999999        114912886.50104250     
  0.31000000000000000        102985010.50492559     
  0.32000000000000001        92442275.565254316     
  0.33000000000000002        82793493.820865408     
  0.34000000000000002        74723547.144312769     
  0.35000000000000003        67350788.339531586     
  0.35999999999999999        60892409.706921332     
  0.37000000000000000        55136421.154022425     
  0.38000000000000000        49948678.044142537     
  0.39000000000000001        45345334.393318295     
  0.40000000000000002        41225593.025588758     
  0.41000000000000003        37442479.957437433     
  0.41999999999999998        34107257.776886575     
  0.42999999999999999        31061625.913544804     
  0.44000000000000000        28289670.228134040     
  0.45000000000000001        25939904.868235756     
  0.46000000000000002        23655794.413169432     
  0.47000000000000003        21612023.089750502     
  0.47999999999999998        19825962.122026697     
  0.48999999999999999        18254254.969372105     
  0.50000000000000000        16661465.105613928     
  0.51000000000000001        15332420.244565448     
  0.52000000000000002        14023337.210283456     
  0.53000000000000003        12930570.418668231     
  0.54000000000000004        11873245.119563041     
  0.55000000000000004        10949447.495525595     
  0.56000000000000005        10107559.578009907     
  0.57000000000000006        9273190.3673782609     
  0.57999999999999996        8585461.4707893413     
  0.58999999999999997        7903684.0027664891     
  0.59999999999999998        7297210.8707591025     
  0.60999999999999999        6739534.0644686604     
  0.62000000000000000        6234552.2112260833     
  0.63000000000000000        5762193.2554861680     
  0.64000000000000001        5349575.6660785899     
  0.65000000000000002        4912274.6151589015     
  0.66000000000000003        4566664.5648984108     
  0.67000000000000004        4213372.7169776391     
  0.68000000000000005        3898156.4777638642     
  0.69000000000000006        3623465.1309331325     
  0.70000000000000007        3362114.1935118916     
  0.70999999999999996        3118943.7532448545     
  0.71999999999999997        2892698.8796067568     
  0.72999999999999998        2691016.7581217717     
  0.73999999999999999        2489752.1992072975     
  0.75000000000000000        2323901.6076849480     
  0.76000000000000001        2153481.3434960307     
  0.77000000000000002        2003724.6314829700     
  0.78000000000000003        1851020.0161852741     
  0.79000000000000004        1730307.1787807257     
  0.80000000000000004        1606897.7063533920     
  0.81000000000000005        1498258.2691065902     
  0.82000000000000006        1393907.1337916998     
  0.83000000000000007        1289923.7764186987     
  0.83999999999999997        1206219.7286187287     
  0.84999999999999998        1118570.4294920464     
  0.85999999999999999        1046489.6070036092     
  0.87000000000000000        969819.35886402207     
  0.88000000000000000        905465.60146243626     
  0.89000000000000001        841836.12402707268     
  0.90000000000000002        778036.74530307844     
  0.91000000000000003        728806.34176753275     
  0.92000000000000004        675846.53041591076     
  0.93000000000000005        628900.35073039960     
  0.94000000000000006        590232.76730616693     
  0.95000000000000007        550655.34046435833     
  0.95999999999999996        511166.53524276172     
  0.96999999999999997        471154.00614092464     
  0.97999999999999998        437271.14305579197     
  0.98999999999999999        407752.26575642172     
   1.0000000000000000        377452.94172633585     
   1.0000000000000000E-002   4802540514843.6006     
   2.0000000000000000E-002   466175650852.29169     
   2.9999999999999999E-002   144451279984.19836     
   4.0000000000000001E-002   62963033687.899803     
   5.0000000000000003E-002   32338079845.579929     
   5.9999999999999998E-002   18292950849.096268     
   7.0000000000000007E-002   11033880710.241764     
   8.0000000000000002E-002   6966828672.9561510     
   8.9999999999999997E-002   4545944291.6612425     
  0.10000000000000001        3048588686.9422359     
  0.11000000000000000        2083863669.0120068     
  0.12000000000000000        1449778780.6847818     
  0.13000000000000000        1024597761.3685548     
  0.14000000000000001        730610263.16324186     
  0.14999999999999999        527109438.33787012     
  0.16000000000000000        384241767.32275224     
  0.17000000000000001        281259375.40050435     
  0.17999999999999999        207458793.12629187     
  0.19000000000000000        154006181.86497504     
  0.20000000000000001        114841226.14925291     
  0.20999999999999999        86161998.418207586     
  0.22000000000000000        65180878.332377166     
  0.23000000000000001        49170624.936864957     
  0.23999999999999999        37156663.169518366     
  0.25000000000000000        28410582.511114679     
  0.26000000000000001        21602728.846188042     
  0.27000000000000002        16652740.346751561     
  0.28000000000000003        12793005.858737364     
  0.28999999999999998        9836941.3456970397     
  0.29999999999999999        7574604.8325292449     
  0.31000000000000000        5846174.6658657454     
  0.32000000000000001        4525229.3595163496     
  0.33000000000000002        3484381.9943465409     
  0.34000000000000002        2747009.3541457006     
  0.35000000000000003        2128684.8280205228     
  0.35999999999999999        1668901.0695968231     
  0.37000000000000000        1277480.4908637139     
  0.38000000000000000        1009254.5457934056     
  0.39000000000000001        791077.10793019994     
  0.40000000000000002        617799.65571931680     
  0.41000000000000003        484863.43583612307     
  0.41999999999999998        381010.78842670016     
  0.42999999999999999        296545.86074783321     
  0.44000000000000000        237271.02362913822     
  0.45000000000000001        186059.18104165519     
  0.46000000000000002        143798.73013084903     
  0.47000000000000003        112764.65386369920     
  0.47999999999999998        90149.592142467460     
  0.48999999999999999        71821.860810733080     
  0.50000000000000000        57257.456314868170     
  0.51000000000000001        45463.925514144015     
  0.52000000000000002        36754.605577824826     
  0.53000000000000003        28294.212105225841     
  0.54000000000000004        22380.946665905445     
  0.55000000000000004        17146.564023030554     
  0.56000000000000005        15009.986516742340     
  0.57000000000000006        11242.678257411668     
  0.57999999999999996        8375.9425627190267     
  0.58999999999999997        6394.5663452803310     
  0.59999999999999998        5619.4810780275184     
  0.60999999999999999        5000.4285105028257     
  0.62000000000000000        3050.7590387104005     
  0.63000000000000000        2770.5692493437141     
  0.64000000000000001        2466.9065517374811     
  0.65000000000000002        1453.7318280132258     
  0.66000000000000003        1595.1663779386981     
  0.67000000000000004        1115.6771407877786     
  0.68000000000000005        855.81258836794200     
  0.69000000000000006        729.25169726160129     
  0.70000000000000007        609.56812736402128     
  0.70999999999999996        352.23668306641480     
  0.71999999999999997        420.28299315185831     
  0.72999999999999998        272.51262550812049     
  0.73999999999999999        235.68689800271423     
  0.75000000000000000        172.05164786295609     
  0.76000000000000001        111.68278099514606     
  0.77000000000000002        40.793270047903455     
  0.78000000000000003        105.99288613820293     
  0.79000000000000004        64.568519246985815     
  0.80000000000000004        100.72699218663523     
  0.81000000000000005        49.120000954251857     
  0.82000000000000006        23.960998621234570     
  0.83000000000000007        46.767292735910473     
  0.83999999999999997        22.826912846196752     
  0.84999999999999998        22.289827820019653     
  0.85999999999999999        0.0000000000000000     
  0.87000000000000000        10.635500223321548     
  0.88000000000000000        20.787584403839393     
  0.89000000000000001        0.0000000000000000     
  0.90000000000000002        0.0000000000000000     
  0.91000000000000003        9.7161224072461376     
  0.92000000000000004        0.0000000000000000     
  0.93000000000000005        0.0000000000000000     
  0.94000000000000006        0.0000000000000000     
  0.95000000000000007        0.0000000000000000     
  0.95999999999999996        8.7253607681749585     
  0.96999999999999997        0.0000000000000000     
  0.97999999999999998        0.0000000000000000     
  0.98999999999999999        0.0000000000000000     
   1.0000000000000000        0.0000000000000000     
   1.0000000000000000E-002   25451421879.483532     
   2.0000000000000000E-002   2845725750.2482204     
   2.9999999999999999E-002   1019444706.2831026     
   4.0000000000000001E-002   517760262.41850352     
   5.0000000000000003E-002   315775196.34936416     
   5.9999999999999998E-002   211586631.86486337     
   7.0000000000000007E-002   152029698.71655050     
   8.0000000000000002E-002   113814882.90387617     
   8.9999999999999997E-002   88854717.813511893     
  0.10000000000000001        71223820.959506586     
  0.11000000000000000        57985090.037584625     
  0.12000000000000000        48501039.822227344     
  0.13000000000000000        41192864.342907771     
  0.14000000000000001        35472121.870624103     
  0.14999999999999999        30578944.500072312     
  0.16000000000000000        26876483.646956444     
  0.17000000000000001        23526871.201958958     
  0.17999999999999999        21169816.112064987     
  0.19000000000000000        18916535.726993904     
  0.20000000000000001        17045170.026231021     
  0.20999999999999999        15393246.441197326     
  0.22000000000000000        13934191.723960087     
  0.23000000000000001        12825923.537366122     
  0.23999999999999999        11641150.192453550     
  0.25000000000000000        10738616.864128793     
  0.26000000000000001        9951069.5022155214     
  0.27000000000000002        9196878.0216007289     
  0.28000000000000003        8541017.1377738565     
  0.28999999999999998        7993506.8063205527     
  0.29999999999999999        7459113.4834197564     
  0.31000000000000000        6910686.4163820297     
  0.32000000000000001        6512881.7201056844     
  0.33000000000000002        6112227.8712910656     
  0.34000000000000002        5797721.3686890788     
  0.35000000000000003        5438011.1767550884     
  0.35999999999999999        5116132.0984465908     
  0.37000000000000000        4853613.5150377713     
  0.38000000000000000        4616483.6470886478     
  0.39000000000000001        4348642.3985304506     
  0.40000000000000002        4150116.2375861313     
  0.41000000000000003        3928150.6713371403     
  0.41999999999999998        3753921.9615497007     
  0.42999999999999999        3588552.9632288306     
  0.44000000000000000        3414061.7228395427     
  0.45000000000000001        3264675.5654047658     
  0.46000000000000002        3128977.3403131175     
  0.47000000000000003        2991686.0143362419     
  0.47999999999999998        2858158.2544793175     
  0.48999999999999999        2743270.3114844724     
  0.50000000000000000        2626665.5101404386     
  0.51000000000000001        2537273.9707148881     
  0.52000000000000002        2426284.0282909246     
  0.53000000000000003        2323301.2735791053     
  0.54000000000000004        2238039.0617541075     
  0.55000000000000004        2166120.0747281928     
  0.56000000000000005        2086543.1342937953     
  0.57000000000000006        2009797.0047611995     
  0.57999999999999996        1950030.1450831403     
  0.58999999999999997        1860121.2174207277     
  0.59999999999999998        1814013.4478359071     
  0.60999999999999999        1739301.2229075502     
  0.62000000000000000        1697715.8454660755     
  0.63000000000000000        1647877.5483780371     
  0.64000000000000001        1586240.6480196142     
  0.65000000000000002        1530626.5904949780     
  0.66000000000000003        1483449.0861442238     
  0.67000000000000004        1443326.3243275187     
  0.68000000000000005        1398030.9925696310     
  0.69000000000000006        1348742.5344144332     
  0.70000000000000007        1315217.3714520147     
  0.70999999999999996        1281004.7625209445     
  0.71999999999999997        1242776.8107500451     
  0.72999999999999998        1215194.3555019333     
  0.73999999999999999        1182308.5933994907     
  0.75000000000000000        1144759.9766935003     
  0.76000000000000001        1111760.2037638058     
  0.77000000000000002        1075297.0007060526     
  0.78000000000000003        1048640.6190083106     
  0.79000000000000004        1023423.9437685745     
  0.80000000000000004        997222.40439573547     
  0.81000000000000005        973926.81892042863     
  0.82000000000000006        942865.29574558022     
  0.83000000000000007        922251.01275215461     
  0.83999999999999997        898661.31838549674     
  0.84999999999999998        875800.76979030226     
  0.85999999999999999        857317.23936563800     
  0.87000000000000000        831642.93996262853     
  0.88000000000000000        816577.89055161900     
  0.89000000000000001        791857.94629595883     
  0.90000000000000002        776109.46095116506     
  0.91000000000000003        754796.96920691617     
  0.92000000000000004        738769.02575876052     
  0.93000000000000005        720203.43773306638     
  0.94000000000000006        702568.33038758649     
  0.95000000000000007        686655.04604194604     
  0.95999999999999996        670509.07359117281     
  0.96999999999999997        653873.05863580538     
  0.97999999999999998        638419.55213167111     
  0.98999999999999999        622463.18849391234     
   1.0000000000000000        610472.40084272414     
   1.0000000000000000E-002   127675686897.74934     
   2.0000000000000000E-002   14245923588.390421     
   2.9999999999999999E-002   5144995479.1339760     
   4.0000000000000001E-002   2634007812.0507421     
   5.0000000000000003E-002   1595699248.6943862     
   5.9999999999999998E-002   1074216946.0638018     
   7.0000000000000007E-002   770746894.34935713     
   8.0000000000000002E-002   580646747.27041817     
   8.9999999999999997E-002   454010126.76259309     
  0.10000000000000001        364015129.81353253     
  0.11000000000000000        298731301.91454953     
  0.12000000000000000        249716211.73122469     
  0.13000000000000000        211282388.64498869     
  0.14000000000000001        181512173.68485641     
  0.14999999999999999        157103150.11567375     
  0.16000000000000000        138069645.76131496     
  0.17000000000000001        121822367.07429558     
  0.17999999999999999        108576671.47891371     
  0.19000000000000000        97174497.700923294     
  0.20000000000000001        87607209.891106024     
  0.20999999999999999        78998605.798140481     
  0.22000000000000000        71927705.130337656     
  0.23000000000000001        65589599.031460263     
  0.23999999999999999        60333196.484955616     
  0.25000000000000000        55347341.196862765     
  0.26000000000000001        51006681.069797046     
  0.27000000000000002        47220008.121157102     
  0.28000000000000003        43869521.127054349     
  0.28999999999999998        40803624.080446243     
  0.29999999999999999        38082883.740006693     
  0.31000000000000000        35676969.315217838     
  0.32000000000000001        33289167.089176171     
  0.33000000000000002        31353034.081586175     
  0.34000000000000002        29403140.056773625     
  0.35000000000000003        27648900.821578290     
  0.35999999999999999        26159250.749543425     
  0.37000000000000000        24610090.920711163     
  0.38000000000000000        23274309.581940878     
  0.39000000000000001        22034839.468069755     
  0.40000000000000002        20934549.103243094     
  0.41000000000000003        19802067.237429660     
  0.41999999999999998        18866780.034290019     
  0.42999999999999999        17940782.263219822     
  0.44000000000000000        17048692.643594138     
  0.45000000000000001        16275235.516248904     
  0.46000000000000002        15497359.429113783     
  0.47000000000000003        14793883.476568742     
  0.47999999999999998        14157295.104063552     
  0.48999999999999999        13567125.825893326     
  0.50000000000000000        12979060.439246932     
  0.51000000000000001        12390401.882742831     
  0.52000000000000002        11844554.195389656     
  0.53000000000000003        11379960.980366839     
  0.54000000000000004        10943865.883354485     
  0.55000000000000004        10502993.834775936     
  0.56000000000000005        10091051.176315933     
  0.57000000000000006        9706494.6544521637     
  0.57999999999999996        9321389.1138861701     
  0.58999999999999997        8983947.1616853569     
  0.59999999999999998        8616597.5941070262     
  0.60999999999999999        8317191.0005258257     
  0.62000000000000000        8010662.0441282615     
  0.63000000000000000        7711044.2604068816     
  0.64000000000000001        7433953.8202774506     
  0.65000000000000002        7187575.3345536543     
  0.66000000000000003        6914063.1807127362     
  0.67000000000000004        6678137.4532815563     
  0.68000000000000005        6458730.2765977187     
  0.69000000000000006        6232371.5575574096     
  0.70000000000000007        6037591.0785838468     
  0.70999999999999996        5816948.6594670219     
  0.71999999999999997        5624585.0332041867     
  0.72999999999999998        5451599.9336996442     
  0.73999999999999999        5258984.8681524387     
  0.75000000000000000        5081215.6539740041     
  0.76000000000000001        4911738.9064284014     
  0.77000000000000002        4768964.4304635189     
  0.78000000000000003        4621303.0847364152     
  0.79000000000000004        4440235.0178728709     
  0.80000000000000004        4327810.7645429224     
  0.81000000000000005        4172719.5210632179     
  0.82000000000000006        4054847.9136756621     
  0.83000000000000007        3924641.0554585033     
  0.83999999999999997        3796104.1928660967     
  0.84999999999999998        3675982.6795080914     
  0.85999999999999999        3563272.4012203738     
  0.87000000000000000        3455527.2000582879     
  0.88000000000000000        3348640.7902378817     
  0.89000000000000001        3235352.9313786915     
  0.90000000000000002        3132800.7140351376     
  0.91000000000000003        3034422.7567622266     
  0.92000000000000004        2950827.4088631002     
  0.93000000000000005        2846541.3789647780     
  0.94000000000000006        2748921.5919361520     
  0.95000000000000007        2672587.5833331230     
  0.95999999999999996        2581144.9478022843     
  0.96999999999999997        2488737.4077891028     
  0.97999999999999998        2396812.7527160849     
  0.98999999999999999        2327347.3100075121     
   1.0000000000000000        2233691.2580782892     
   1.0000000000000000E-002   644330829360.38354     
   2.0000000000000000E-002   72754994284.309967     
   2.9999999999999999E-002   26480148502.047752     
   4.0000000000000001E-002   13590247086.737072     
   5.0000000000000003E-002   8254203691.6789513     
   5.9999999999999998E-002   5526859275.0328360     
   7.0000000000000007E-002   3949798135.2085128     
   8.0000000000000002E-002   2956094398.1176791     
   8.9999999999999997E-002   2286471679.1178584     
  0.10000000000000001        1816769105.9286344     
  0.11000000000000000        1471975347.7559934     
  0.12000000000000000        1215416658.4918404     
  0.13000000000000000        1015838891.8924127     
  0.14000000000000001        858795706.53311014     
  0.14999999999999999        734743620.52814472     
  0.16000000000000000        631812994.98121381     
  0.17000000000000001        548645818.00206006     
  0.17999999999999999        478799652.03921753     
  0.19000000000000000        421299991.53499079     
  0.20000000000000001        371557416.88797146     
  0.20999999999999999        330007632.48295170     
  0.22000000000000000        294008673.72105944     
  0.23000000000000001        262577990.64979103     
  0.23999999999999999        235655226.94229981     
  0.25000000000000000        211747001.33808851     
  0.26000000000000001        191004288.68179595     
  0.27000000000000002        172894394.41625491     
  0.28000000000000003        156633613.11409372     
  0.28999999999999998        142448327.72055307     
  0.29999999999999999        129389722.53981274     
  0.31000000000000000        117920339.62306598     
  0.32000000000000001        107949316.29663230     
  0.33000000000000002        98715768.695677802     
  0.34000000000000002        90492472.833599895     
  0.35000000000000003        83094190.725377902     
  0.35999999999999999        76243521.202639192     
  0.37000000000000000        70173681.224788189     
  0.38000000000000000        64694659.390174665     
  0.39000000000000001        59684418.989568941     
  0.40000000000000002        55127436.859466277     
  0.41000000000000003        50869907.782394454     
  0.41999999999999998        47092582.287523158     
  0.42999999999999999        43572988.738199674     
  0.44000000000000000        40391165.303900354     
  0.45000000000000001        37520381.001427762     
  0.46000000000000002        34785224.171155468     
  0.47000000000000003        32342257.081654031     
  0.47999999999999998        30008704.198494531     
  0.48999999999999999        27925848.317406222     
  0.50000000000000000        26000763.555828761     
  0.51000000000000001        24204064.070717011     
  0.52000000000000002        22501649.594898846     
  0.53000000000000003        20975827.529274162     
  0.54000000000000004        19572290.772634514     
  0.55000000000000004        18277058.422273986     
  0.56000000000000005        17051577.195719212     
  0.57000000000000006        15923945.014132466     
  0.57999999999999996        14870306.648884721     
  0.58999999999999997        13895718.209853556     
  0.59999999999999998        13000467.172697855     
  0.60999999999999999        12140518.639656287     
  0.62000000000000000        11380383.200265212     
  0.63000000000000000        10654407.394845694     
  0.64000000000000001        9981123.6435822621     
  0.65000000000000002        9332633.1589886434     
  0.66000000000000003        8743589.1770846378     
  0.67000000000000004        8201522.6098568942     
  0.68000000000000005        7710958.7490102965     
  0.69000000000000006        7211417.4001438050     
  0.70000000000000007        6748594.6373040918     
  0.70999999999999996        6347657.2655398613     
  0.71999999999999997        5964126.9935605377     
  0.72999999999999998        5591792.5399332661     
  0.73999999999999999        5259412.0506550688     
  0.75000000000000000        4938326.7604238186     
  0.76000000000000001        4643839.8355162954     
  0.77000000000000002        4350751.8259324124     
  0.78000000000000003        4081878.7889575656     
  0.79000000000000004        3831663.8102661804     
  0.80000000000000004        3596520.2103939275     
  0.81000000000000005        3377245.6656095865     
  0.82000000000000006        3166541.8117906330     
  0.83000000000000007        2976013.2896032953     
  0.83999999999999997        2783776.2619629633     
  0.84999999999999998        2619032.4790244894     
  0.85999999999999999        2456497.5731338388     
  0.87000000000000000        2297299.9547381243     
  0.88000000000000000        2158031.8935079807     
  0.89000000000000001        2023084.9346338545     
  0.90000000000000002        1894888.0927814378     
  0.91000000000000003        1774231.9644199952     
  0.92000000000000004        1654566.9753484237     
  0.93000000000000005        1539606.0937579169     
  0.94000000000000006        1435439.3177315011     
  0.95000000000000007        1335848.2415893187     
  0.95999999999999996        1242962.5428695953     
  0.96999999999999997        1147510.1733313103     
  0.97999999999999998        1055801.0360271032     
  0.98999999999999999        967552.47580605152     
   1.0000000000000000        874373.56958053925     
   1.0000000000000000E-002   2623241746692.7495     
   2.0000000000000000E-002   296898983896.22882     
   2.9999999999999999E-002   104388275680.89314     
   4.0000000000000001E-002   50731066854.469978     
   5.0000000000000003E-002   28727463298.335423     
   5.9999999999999998E-002   17755033448.047825     
   7.0000000000000007E-002   11631052658.607965     
   8.0000000000000002E-002   7918638894.6229219     
   8.9999999999999997E-002   5553632987.7838593     
  0.10000000000000001        3977769632.7613668     
  0.11000000000000000        2901954000.6872301     
  0.12000000000000000        2147665082.9225850     
  0.13000000000000000        1605885598.8968532     
  0.14000000000000001        1212872882.6026967     
  0.14999999999999999        923391242.51565647     
  0.16000000000000000        708394180.12714219     
  0.17000000000000001        546819262.92514312     
  0.17999999999999999        423727624.36773592     
  0.19000000000000000        330126646.61887658     
  0.20000000000000001        258410076.48413050     
  0.20999999999999999        202851827.43176219     
  0.22000000000000000        159551582.34433854     
  0.23000000000000001        126129624.34254122     
  0.23999999999999999        99825380.992304161     
  0.25000000000000000        79267381.240331724     
  0.26000000000000001        63326901.316584654     
  0.27000000000000002        50391321.924909167     
  0.28000000000000003        40209430.954779707     
  0.28999999999999998        32131173.749578550     
  0.29999999999999999        25911302.579344291     
  0.31000000000000000        20685437.672158673     
  0.32000000000000001        16620844.636472590     
  0.33000000000000002        13419794.122272551     
  0.34000000000000002        10834519.728102537     
  0.35000000000000003        8716649.8048934862     
  0.35999999999999999        7047081.5766255865     
  0.37000000000000000        5729159.8298589392     
  0.38000000000000000        4623217.6695696916     
  0.39000000000000001        3733658.4642691384     
  0.40000000000000002        3033762.0012793196     
  0.41000000000000003        2470018.7357703322     
  0.41999999999999998        2007399.1878726643     
  0.42999999999999999        1614635.1583044627     
  0.44000000000000000        1314873.4180766812     
  0.45000000000000001        1074923.7653743487     
  0.46000000000000002        880627.88219667226     
  0.47000000000000003        714936.73823636444     
  0.47999999999999998        576343.69530518819     
  0.48999999999999999        471121.63619890198     
  0.50000000000000000        389694.96217929845     
  0.51000000000000001        313473.29836313712     
  0.52000000000000002        261152.72404031616     
  0.53000000000000003        210012.34576878854     
  0.54000000000000004        174432.37190296990     
  0.55000000000000004        141405.57017743011     
  0.56000000000000005        113776.21449179563     
  0.57000000000000006        94852.307692796894     
  0.57999999999999996        76996.092695799336     
  0.58999999999999997        61062.295355295093     
  0.59999999999999998        51676.747993541059     
  0.60999999999999999        40633.916896216440     
  0.62000000000000000        34799.692758806916     
  0.63000000000000000        29416.926441561202     
  0.64000000000000001        22833.687042882124     
  0.65000000000000002        18668.977159748792     
  0.66000000000000003        15840.373101856374     
  0.67000000000000004        12416.406889412376     
  0.68000000000000005        10392.010001610724     
  0.69000000000000006        9107.1665448716267     
  0.70000000000000007        6771.1486580165601     
  0.70999999999999996        6164.1419536622589     
  0.71999999999999997        4872.1695132048762     
  0.72999999999999998        3421.5474091575124     
  0.73999999999999999        3329.0774342883387     
  0.75000000000000000        2652.4629045539064     
  0.76000000000000001        2066.1314484102022     
  0.77000000000000002        1781.3061254251177     
  0.78000000000000003        1642.8897351421454     
  0.79000000000000004        1291.3703849397164     
  0.80000000000000004        1045.0425439363405     
  0.81000000000000005        1019.2400198007260     
  0.82000000000000006        670.90796139456791     
  0.83000000000000007        689.81756785467951     
  0.83999999999999997        525.01899546252525     
  0.84999999999999998        412.36181467036363     
  0.85999999999999999        337.45790060864925     
  0.87000000000000000        414.78450870954038     
  0.88000000000000000        301.41997385567117     
  0.89000000000000001        132.08300681123811     
  0.90000000000000002        188.75465302244072     
  0.91000000000000003        116.59346888695364     
  0.92000000000000004        142.57362993092838     
  0.93000000000000005        74.404063972836383     
  0.94000000000000006        54.615783039341814     
  0.95000000000000007        44.555007724278525     
  0.95999999999999996        34.901443072699834     
  0.96999999999999997        59.818228765511428     
  0.97999999999999998        41.855343350925793     
  0.98999999999999999        41.009802646781765     
   1.0000000000000000        8.0379254610689301     
