   3.0000000000000000E-009           0
   6.0000000000000000E-009      970660
   8.9999999999999995E-009       27123
   1.2000000000000000E-008        2098
   1.4999999999999999E-008         113
   1.7999999999999999E-008           4
   2.0999999999999999E-008           2
   2.4000000000000000E-008           0
   2.7000000000000000E-008           0
   2.9999999999999997E-008           0
   3.2999999999999998E-008           0
   3.5999999999999998E-008           0
   3.8999999999999998E-008           0
   4.1999999999999999E-008           0
   4.4999999999999999E-008           0
   4.8000000000000000E-008           0
   5.1000000000000000E-008           0
   5.4000000000000000E-008           0
   5.7000000000000001E-008           0
   5.9999999999999995E-008           0
   6.2999999999999995E-008           0
   6.5999999999999995E-008           0
   6.8999999999999996E-008           0
   7.1999999999999996E-008           0
   7.4999999999999997E-008           0
   7.7999999999999997E-008           0
   8.0999999999999997E-008           0
   8.3999999999999998E-008           0
   8.6999999999999998E-008           0
   8.9999999999999999E-008           0
   9.2999999999999999E-008           0
   9.5999999999999999E-008           0
   9.9000000000000000E-008           0
   1.0200000000000000E-007           0
   1.0500000000000000E-007           0
   1.0800000000000000E-007           0
   1.1100000000000000E-007           0
   1.1400000000000000E-007           0
   1.1700000000000000E-007           0
   1.1999999999999999E-007           0
   1.2300000000000000E-007           0
   1.2599999999999999E-007           0
   1.2900000000000000E-007           0
   1.3199999999999999E-007           0
   1.3500000000000000E-007           0
   1.3799999999999999E-007           0
   1.4100000000000001E-007           0
   1.4399999999999999E-007           0
   1.4700000000000001E-007           0
   1.4999999999999999E-007           0
   1.5300000000000001E-007           0
   1.5599999999999999E-007           0
   1.5900000000000001E-007           0
   1.6199999999999999E-007           0
   1.6500000000000001E-007           0
   1.6800000000000000E-007           0
   1.7100000000000001E-007           0
   1.7400000000000000E-007           0
   1.7700000000000001E-007           0
   1.8000000000000000E-007           0
   1.8300000000000001E-007           0
   1.8600000000000000E-007           0
   1.8900000000000001E-007           0
   1.9200000000000000E-007           0
   1.9499999999999999E-007           0
   1.9800000000000000E-007           0
   2.0099999999999999E-007           0
   2.0400000000000000E-007           0
   2.0699999999999999E-007           0
   2.1000000000000000E-007           0
   2.1299999999999999E-007           0
   2.1600000000000000E-007           0
   2.1899999999999999E-007           0
   2.2200000000000000E-007           0
   2.2499999999999999E-007           0
   2.2800000000000000E-007           0
   2.3099999999999999E-007           0
   2.3400000000000000E-007           0
   2.3699999999999999E-007           0
   2.3999999999999998E-007           0
   2.4299999999999999E-007           0
   2.4600000000000001E-007           0
   2.4900000000000002E-007           0
   2.5199999999999998E-007           0
   2.5499999999999999E-007           0
   2.5800000000000001E-007           0
   2.6100000000000002E-007           0
   2.6399999999999998E-007           0
   2.6700000000000000E-007           0
   2.7000000000000001E-007           0
   2.7300000000000002E-007           0
   2.7599999999999998E-007           0
   2.7900000000000000E-007           0
   2.8200000000000001E-007           0
   2.8500000000000002E-007           0
   2.8799999999999998E-007           0
   2.9100000000000000E-007           0
   2.9400000000000001E-007           0
   2.9699999999999997E-007           0
   2.9999999999999999E-007           0
   3.0000000000000000E-009           0
   6.0000000000000000E-009      669594
   8.9999999999999995E-009      230747
   1.2000000000000000E-008       72945
   1.4999999999999999E-008       19379
   1.7999999999999999E-008        5342
   2.0999999999999999E-008        1443
   2.4000000000000000E-008         401
   2.7000000000000000E-008         110
   2.9999999999999997E-008          28
   3.2999999999999998E-008           8
   3.5999999999999998E-008           2
   3.8999999999999998E-008           1
   4.1999999999999999E-008           0
   4.4999999999999999E-008           0
   4.8000000000000000E-008           0
   5.1000000000000000E-008           0
   5.4000000000000000E-008           0
   5.7000000000000001E-008           0
   5.9999999999999995E-008           0
   6.2999999999999995E-008           0
   6.5999999999999995E-008           0
   6.8999999999999996E-008           0
   7.1999999999999996E-008           0
   7.4999999999999997E-008           0
   7.7999999999999997E-008           0
   8.0999999999999997E-008           0
   8.3999999999999998E-008           0
   8.6999999999999998E-008           0
   8.9999999999999999E-008           0
   9.2999999999999999E-008           0
   9.5999999999999999E-008           0
   9.9000000000000000E-008           0
   1.0200000000000000E-007           0
   1.0500000000000000E-007           0
   1.0800000000000000E-007           0
   1.1100000000000000E-007           0
   1.1400000000000000E-007           0
   1.1700000000000000E-007           0
   1.1999999999999999E-007           0
   1.2300000000000000E-007           0
   1.2599999999999999E-007           0
   1.2900000000000000E-007           0
   1.3199999999999999E-007           0
   1.3500000000000000E-007           0
   1.3799999999999999E-007           0
   1.4100000000000001E-007           0
   1.4399999999999999E-007           0
   1.4700000000000001E-007           0
   1.4999999999999999E-007           0
   1.5300000000000001E-007           0
   1.5599999999999999E-007           0
   1.5900000000000001E-007           0
   1.6199999999999999E-007           0
   1.6500000000000001E-007           0
   1.6800000000000000E-007           0
   1.7100000000000001E-007           0
   1.7400000000000000E-007           0
   1.7700000000000001E-007           0
   1.8000000000000000E-007           0
   1.8300000000000001E-007           0
   1.8600000000000000E-007           0
   1.8900000000000001E-007           0
   1.9200000000000000E-007           0
   1.9499999999999999E-007           0
   1.9800000000000000E-007           0
   2.0099999999999999E-007           0
   2.0400000000000000E-007           0
   2.0699999999999999E-007           0
   2.1000000000000000E-007           0
   2.1299999999999999E-007           0
   2.1600000000000000E-007           0
   2.1899999999999999E-007           0
   2.2200000000000000E-007           0
   2.2499999999999999E-007           0
   2.2800000000000000E-007           0
   2.3099999999999999E-007           0
   2.3400000000000000E-007           0
   2.3699999999999999E-007           0
   2.3999999999999998E-007           0
   2.4299999999999999E-007           0
   2.4600000000000001E-007           0
   2.4900000000000002E-007           0
   2.5199999999999998E-007           0
   2.5499999999999999E-007           0
   2.5800000000000001E-007           0
   2.6100000000000002E-007           0
   2.6399999999999998E-007           0
   2.6700000000000000E-007           0
   2.7000000000000001E-007           0
   2.7300000000000002E-007           0
   2.7599999999999998E-007           0
   2.7900000000000000E-007           0
   2.8200000000000001E-007           0
   2.8500000000000002E-007           0
   2.8799999999999998E-007           0
   2.9100000000000000E-007           0
   2.9400000000000001E-007           0
   2.9699999999999997E-007           0
   2.9999999999999999E-007           0
   3.0000000000000000E-009           0
   6.0000000000000000E-009        1571
   8.9999999999999995E-009       26394
   1.2000000000000000E-008       98558
   1.4999999999999999E-008      148235
   1.7999999999999999E-008      147289
   2.0999999999999999E-008      125631
   2.4000000000000000E-008      101205
   2.7000000000000000E-008       79292
   2.9999999999999997E-008       61964
   3.2999999999999998E-008       47667
   3.5999999999999998E-008       36988
   3.8999999999999998E-008       28593
   4.1999999999999999E-008       22107
   4.4999999999999999E-008       17114
   4.8000000000000000E-008       13069
   5.1000000000000000E-008       10036
   5.4000000000000000E-008        7684
   5.7000000000000001E-008        6123
   5.9999999999999995E-008        4718
   6.2999999999999995E-008        3529
   6.5999999999999995E-008        2785
   6.8999999999999996E-008        2123
   7.1999999999999996E-008        1630
   7.4999999999999997E-008        1320
   7.7999999999999997E-008        1048
   8.0999999999999997E-008         739
   8.3999999999999998E-008         571
   8.6999999999999998E-008         468
   8.9999999999999999E-008         355
   9.2999999999999999E-008         268
   9.5999999999999999E-008         209
   9.9000000000000000E-008         158
   1.0200000000000000E-007         124
   1.0500000000000000E-007         102
   1.0800000000000000E-007          68
   1.1100000000000000E-007          64
   1.1400000000000000E-007          40
   1.1700000000000000E-007          41
   1.1999999999999999E-007          23
   1.2300000000000000E-007          26
   1.2599999999999999E-007          20
   1.2900000000000000E-007          13
   1.3199999999999999E-007           9
   1.3500000000000000E-007           6
   1.3799999999999999E-007          10
   1.4100000000000001E-007           6
   1.4399999999999999E-007           0
   1.4700000000000001E-007           3
   1.4999999999999999E-007           2
   1.5300000000000001E-007           1
   1.5599999999999999E-007           0
   1.5900000000000001E-007           1
   1.6199999999999999E-007           0
   1.6500000000000001E-007           0
   1.6800000000000000E-007           0
   1.7100000000000001E-007           0
   1.7400000000000000E-007           0
   1.7700000000000001E-007           0
   1.8000000000000000E-007           0
   1.8300000000000001E-007           0
   1.8600000000000000E-007           0
   1.8900000000000001E-007           0
   1.9200000000000000E-007           0
   1.9499999999999999E-007           0
   1.9800000000000000E-007           0
   2.0099999999999999E-007           0
   2.0400000000000000E-007           0
   2.0699999999999999E-007           0
   2.1000000000000000E-007           0
   2.1299999999999999E-007           0
   2.1600000000000000E-007           0
   2.1899999999999999E-007           0
   2.2200000000000000E-007           0
   2.2499999999999999E-007           0
   2.2800000000000000E-007           0
   2.3099999999999999E-007           0
   2.3400000000000000E-007           0
   2.3699999999999999E-007           0
   2.3999999999999998E-007           0
   2.4299999999999999E-007           0
   2.4600000000000001E-007           0
   2.4900000000000002E-007           0
   2.5199999999999998E-007           0
   2.5499999999999999E-007           0
   2.5800000000000001E-007           0
   2.6100000000000002E-007           0
   2.6399999999999998E-007           0
   2.6700000000000000E-007           0
   2.7000000000000001E-007           0
   2.7300000000000002E-007           0
   2.7599999999999998E-007           0
   2.7900000000000000E-007           0
   2.8200000000000001E-007           0
   2.8500000000000002E-007           0
   2.8799999999999998E-007           0
   2.9100000000000000E-007           0
   2.9400000000000001E-007           0
   2.9699999999999997E-007           0
   2.9999999999999999E-007           0
   3.0000000000000000E-009           0
   6.0000000000000000E-009           0
   8.9999999999999995E-009          19
   1.2000000000000000E-008         496
   1.4999999999999999E-008        3951
   1.7999999999999999E-008       13206
   2.0999999999999999E-008       25904
   2.4000000000000000E-008       38368
   2.7000000000000000E-008       47658
   2.9999999999999997E-008       53136
   3.2999999999999998E-008       55614
   3.5999999999999998E-008       56228
   3.8999999999999998E-008       54718
   4.1999999999999999E-008       52575
   4.4999999999999999E-008       49564
   4.8000000000000000E-008       46784
   5.1000000000000000E-008       43240
   5.4000000000000000E-008       39624
   5.7000000000000001E-008       36659
   5.9999999999999995E-008       33827
   6.2999999999999995E-008       30826
   6.5999999999999995E-008       27987
   6.8999999999999996E-008       25693
   7.1999999999999996E-008       23780
   7.4999999999999997E-008       21485
   7.7999999999999997E-008       19729
   8.0999999999999997E-008       17797
   8.3999999999999998E-008       16254
   8.6999999999999998E-008       14842
   8.9999999999999999E-008       13479
   9.2999999999999999E-008       12289
   9.5999999999999999E-008       11245
   9.9000000000000000E-008       10100
   1.0200000000000000E-007        9247
   1.0500000000000000E-007        8434
   1.0800000000000000E-007        7625
   1.1100000000000000E-007        6957
   1.1400000000000000E-007        6324
   1.1700000000000000E-007        5774
   1.1999999999999999E-007        5136
   1.2300000000000000E-007        4909
   1.2599999999999999E-007        4312
   1.2900000000000000E-007        3987
   1.3199999999999999E-007        3701
   1.3500000000000000E-007        3336
   1.3799999999999999E-007        3045
   1.4100000000000001E-007        2630
   1.4399999999999999E-007        2475
   1.4700000000000001E-007        2232
   1.4999999999999999E-007        2131
   1.5300000000000001E-007        1966
   1.5599999999999999E-007        1703
   1.5900000000000001E-007        1567
   1.6199999999999999E-007        1410
   1.6500000000000001E-007        1295
   1.6800000000000000E-007        1131
   1.7100000000000001E-007        1097
   1.7400000000000000E-007         987
   1.7700000000000001E-007         850
   1.8000000000000000E-007         755
   1.8300000000000001E-007         695
   1.8600000000000000E-007         669
   1.8900000000000001E-007         599
   1.9200000000000000E-007         519
   1.9499999999999999E-007         524
   1.9800000000000000E-007         429
   2.0099999999999999E-007         352
   2.0400000000000000E-007         348
   2.0699999999999999E-007         310
   2.1000000000000000E-007         310
   2.1299999999999999E-007         285
   2.1600000000000000E-007         255
   2.1899999999999999E-007         225
   2.2200000000000000E-007         230
   2.2499999999999999E-007         189
   2.2800000000000000E-007         184
   2.3099999999999999E-007         167
   2.3400000000000000E-007         154
   2.3699999999999999E-007         134
   2.3999999999999998E-007         119
   2.4299999999999999E-007         103
   2.4600000000000001E-007         118
   2.4900000000000002E-007         111
   2.5199999999999998E-007          86
   2.5499999999999999E-007          84
   2.5800000000000001E-007          76
   2.6100000000000002E-007          62
   2.6399999999999998E-007          48
   2.6700000000000000E-007          47
   2.7000000000000001E-007          42
   2.7300000000000002E-007          43
   2.7599999999999998E-007          37
   2.7900000000000000E-007          28
   2.8200000000000001E-007          29
   2.8500000000000002E-007          27
   2.8799999999999998E-007          28
   2.9100000000000000E-007          23
   2.9400000000000001E-007          23
   2.9699999999999997E-007          11
   2.9999999999999999E-007           0
   3.0000000000000000E-009           0
   6.0000000000000000E-009           0
   8.9999999999999995E-009           0
   1.2000000000000000E-008           0
   1.4999999999999999E-008           0
   1.7999999999999999E-008           0
   2.0999999999999999E-008           3
   2.4000000000000000E-008          20
   2.7000000000000000E-008          82
   2.9999999999999997E-008         261
   3.2999999999999998E-008         579
   3.5999999999999998E-008        1074
   3.8999999999999998E-008        1898
   4.1999999999999999E-008        2720
   4.4999999999999999E-008        3801
   4.8000000000000000E-008        5205
   5.1000000000000000E-008        6523
   5.4000000000000000E-008        8071
   5.7000000000000001E-008        8903
   5.9999999999999995E-008       10199
   6.2999999999999995E-008       11288
   6.5999999999999995E-008       12445
   6.8999999999999996E-008       13398
   7.1999999999999996E-008       14412
   7.4999999999999997E-008       15219
   7.7999999999999997E-008       15758
   8.0999999999999997E-008       16269
   8.3999999999999998E-008       16539
   8.6999999999999998E-008       17161
   8.9999999999999999E-008       17192
   9.2999999999999999E-008       17586
   9.5999999999999999E-008       17363
   9.9000000000000000E-008       17504
   1.0200000000000000E-007       17659
   1.0500000000000000E-007       17362
   1.0800000000000000E-007       17607
   1.1100000000000000E-007       17137
   1.1400000000000000E-007       17140
   1.1700000000000000E-007       16628
   1.1999999999999999E-007       16426
   1.2300000000000000E-007       16455
   1.2599999999999999E-007       15964
   1.2900000000000000E-007       15709
   1.3199999999999999E-007       15682
   1.3500000000000000E-007       15037
   1.3799999999999999E-007       14625
   1.4100000000000001E-007       14513
   1.4399999999999999E-007       14164
   1.4700000000000001E-007       13537
   1.4999999999999999E-007       13639
   1.5300000000000001E-007       13234
   1.5599999999999999E-007       12798
   1.5900000000000001E-007       12672
   1.6199999999999999E-007       12219
   1.6500000000000001E-007       12040
   1.6800000000000000E-007       11687
   1.7100000000000001E-007       11309
   1.7400000000000000E-007       10936
   1.7700000000000001E-007       10884
   1.8000000000000000E-007       10500
   1.8300000000000001E-007       10426
   1.8600000000000000E-007        9869
   1.8900000000000001E-007        9734
   1.9200000000000000E-007        9343
   1.9499999999999999E-007        9117
   1.9800000000000000E-007        9080
   2.0099999999999999E-007        8703
   2.0400000000000000E-007        8340
   2.0699999999999999E-007        8262
   2.1000000000000000E-007        7891
   2.1299999999999999E-007        7755
   2.1600000000000000E-007        7554
   2.1899999999999999E-007        7307
   2.2200000000000000E-007        7143
   2.2499999999999999E-007        6854
   2.2800000000000000E-007        6813
   2.3099999999999999E-007        6626
   2.3400000000000000E-007        6314
   2.3699999999999999E-007        6183
   2.3999999999999998E-007        5865
   2.4299999999999999E-007        5752
   2.4600000000000001E-007        5745
   2.4900000000000002E-007        5362
   2.5199999999999998E-007        5193
   2.5499999999999999E-007        5196
   2.5800000000000001E-007        4935
   2.6100000000000002E-007        4859
   2.6399999999999998E-007        4795
   2.6700000000000000E-007        4683
   2.7000000000000001E-007        4460
   2.7300000000000002E-007        4321
   2.7599999999999998E-007        4200
   2.7900000000000000E-007        4107
   2.8200000000000001E-007        3948
   2.8500000000000002E-007        3781
   2.8799999999999998E-007        3750
   2.9100000000000000E-007        3670
   2.9400000000000001E-007        3544
   2.9699999999999997E-007        3372
   2.9999999999999999E-007           0
