   1.0000000000000000E-002   50901974827.855988     
   2.0000000000000000E-002   5651290050.3033762     
   2.9999999999999999E-002   2033601458.1532617     
   4.0000000000000001E-002   1035212391.4781845     
   5.0000000000000003E-002   626189796.93129444     
   5.9999999999999998E-002   418766206.23238480     
   7.0000000000000007E-002   299036205.44620949     
   8.0000000000000002E-002   224378548.75793156     
   8.9999999999999997E-002   174925397.70557117     
  0.10000000000000001        139574082.67525783     
  0.11000000000000000        114355331.29014398     
  0.12000000000000000        95034548.266524076     
  0.13000000000000000        80482779.326754287     
  0.14000000000000001        68866322.130454317     
  0.14999999999999999        59449123.831997588     
  0.16000000000000000        52076858.407226488     
  0.17000000000000001        45988033.968567096     
  0.17999999999999999        40739091.388684817     
  0.19000000000000000        36430758.829578802     
  0.20000000000000001        32787476.437971123     
  0.20999999999999999        29616785.295121886     
  0.22000000000000000        26880912.611718610     
  0.23000000000000001        24531000.885243077     
  0.23999999999999999        22431303.802323800     
  0.25000000000000000        20628654.549403585     
  0.26000000000000001        19040173.299079508     
  0.27000000000000002        17574847.287275363     
  0.28000000000000003        16307278.652270699     
  0.28999999999999998        15161478.102776421     
  0.29999999999999999        14141247.469113318     
  0.31000000000000000        13215033.080640318     
  0.32000000000000001        12339995.765866902     
  0.33000000000000002        11591803.831203869     
  0.34000000000000002        10904238.437164079     
  0.35000000000000003        10266147.368781541     
  0.35999999999999999        9680958.2254581042     
  0.37000000000000000        9156525.9765513092     
  0.38000000000000000        8647690.4661362115     
  0.39000000000000001        8205553.9716358799     
  0.40000000000000002        7772013.8503066320     
  0.41000000000000003        7386861.1788568711     
  0.41999999999999998        7029647.6052247528     
  0.42999999999999999        6692002.2147554094     
  0.44000000000000000        6368093.3928055596     
  0.45000000000000001        6085159.1912236037     
  0.46000000000000002        5821794.3530603293     
  0.47000000000000003        5557264.4753159434     
  0.47999999999999998        5312849.8752943072     
  0.48999999999999999        5089602.8319539288     
  0.50000000000000000        4876707.7545893844     
  0.51000000000000001        4679131.1721048905     
  0.52000000000000002        4496855.5900486549     
  0.53000000000000003        4325047.7370187230     
  0.54000000000000004        4145476.5917735267     
  0.55000000000000004        4000592.0954619325     
  0.56000000000000005        3847126.4746156181     
  0.57000000000000006        3707206.4988100138     
  0.57999999999999996        3564723.5016525844     
  0.58999999999999997        3446928.3746747314     
  0.59999999999999998        3326007.3198763267     
  0.60999999999999999        3218639.1968916794     
  0.62000000000000000        3102529.3612258127     
  0.63000000000000000        2998695.5838889149     
  0.64000000000000001        2900639.7201062362     
  0.65000000000000002        2811220.7119039986     
  0.66000000000000003        2720805.1304427413     
  0.67000000000000004        2635026.1752115507     
  0.68000000000000005        2549990.3435524353     
  0.69000000000000006        2472249.4066185206     
  0.70000000000000007        2402694.5344824470     
  0.70999999999999996        2327924.8421491422     
  0.71999999999999997        2258730.8622907843     
  0.72999999999999998        2190907.2738899356     
  0.73999999999999999        2129417.6640346562     
  0.75000000000000000        2071092.0872893273     
  0.76000000000000001        2014166.9945925833     
  0.77000000000000002        1956208.7797512875     
  0.78000000000000003        1901178.0558062906     
  0.79000000000000004        1852567.2488901352     
  0.80000000000000004        1803099.3264183442     
  0.81000000000000005        1754351.2540722075     
  0.82000000000000006        1708591.1278204955     
  0.83000000000000007        1666885.5337425494     
  0.83999999999999997        1620132.5094674372     
  0.84999999999999998        1578833.3326204868     
  0.85999999999999999        1541742.8184162446     
  0.87000000000000000        1505349.0915439331     
  0.88000000000000000        1467003.3139577289     
  0.89000000000000001        1431129.1201490033     
  0.90000000000000002        1397177.5942536809     
  0.91000000000000003        1363928.2354010730     
  0.92000000000000004        1330505.9546791178     
  0.93000000000000005        1298624.9267964829     
  0.94000000000000006        1269178.1396127967     
  0.95000000000000007        1240581.9699834737     
  0.95999999999999996        1211012.9917183153     
  0.96999999999999997        1184932.6227814758     
  0.97999999999999998        1155815.0543885878     
  0.98999999999999999        1129394.9046197413     
   1.0000000000000000        1104965.2683173835     
   1.0000000000000000E-002   253961969664.44391     
   2.0000000000000000E-002   28100374604.598370     
   2.9999999999999999E-002   10054260053.807907     
   4.0000000000000001E-002   5094124857.3714809     
   5.0000000000000003E-002   3067863908.4937792     
   5.9999999999999998E-002   2041945563.1382620     
   7.0000000000000007E-002   1451940060.1139896     
   8.0000000000000002E-002   1084976232.0938103     
   8.9999999999999997E-002   838126377.81350601     
  0.10000000000000001        668776838.91951978     
  0.11000000000000000        543114989.84512973     
  0.12000000000000000        450374094.76114905     
  0.13000000000000000        377990667.40865874     
  0.14000000000000001        321993594.31276578     
  0.14999999999999999        277822294.89337415     
  0.16000000000000000        241530977.26082152     
  0.17000000000000001        211572023.87699902     
  0.17999999999999999        186709341.43487307     
  0.19000000000000000        166198338.85521156     
  0.20000000000000001        148299370.98770908     
  0.20999999999999999        133419405.34439045     
  0.22000000000000000        120447200.66444987     
  0.23000000000000001        109033411.58147772     
  0.23999999999999999        99175316.767399162     
  0.25000000000000000        90766742.495344475     
  0.26000000000000001        83058918.927441746     
  0.27000000000000002        76410961.122075260     
  0.28000000000000003        70539112.481263265     
  0.28999999999999998        65100315.790860809     
  0.29999999999999999        60448098.304884903     
  0.31000000000000000        56080299.362043127     
  0.32000000000000001        52127979.520706996     
  0.33000000000000002        48706836.716680072     
  0.34000000000000002        45410127.966945939     
  0.35000000000000003        42536089.790863596     
  0.35999999999999999        39855146.023155332     
  0.37000000000000000        37398852.556779273     
  0.38000000000000000        35170401.396733478     
  0.39000000000000001        33122539.890309867     
  0.40000000000000002        31236342.358418576     
  0.41000000000000003        29504084.838207290     
  0.41999999999999998        27884401.879968110     
  0.42999999999999999        26415042.828213245     
  0.44000000000000000        25029683.321651269     
  0.45000000000000001        23681950.594596989     
  0.46000000000000002        22463444.487859290     
  0.47000000000000003        21358565.152593460     
  0.47999999999999998        20293030.860541608     
  0.48999999999999999        19343618.959963638     
  0.50000000000000000        18397259.087170530     
  0.51000000000000001        17517999.459180098     
  0.52000000000000002        16719332.896466635     
  0.53000000000000003        15987337.487736223     
  0.54000000000000004        15244104.086459313     
  0.55000000000000004        14598767.160922427     
  0.56000000000000005        13929241.463871652     
  0.57000000000000006        13329128.073664526     
  0.57999999999999996        12767805.399099143     
  0.58999999999999997        12254030.698109461     
  0.59999999999999998        11731603.242917050     
  0.60999999999999999        11270702.617391814     
  0.62000000000000000        10815413.923158264     
  0.63000000000000000        10363964.742879134     
  0.64000000000000001        9969626.1871827114     
  0.65000000000000002        9587636.4224431403     
  0.66000000000000003        9210048.6322090290     
  0.67000000000000004        8867806.5327831469     
  0.68000000000000005        8539593.1889636274     
  0.69000000000000006        8217741.9855650077     
  0.70000000000000007        7920295.6303818896     
  0.70999999999999996        7619772.4647373492     
  0.71999999999999997        7347844.2367280917     
  0.72999999999999998        7063791.4620246217     
  0.73999999999999999        6821206.8325358629     
  0.75000000000000000        6565609.2523941845     
  0.76000000000000001        6356305.6406444218     
  0.77000000000000002        6130049.8411091855     
  0.78000000000000003        5909768.0295719588     
  0.79000000000000004        5718978.9482927239     
  0.80000000000000004        5534845.9270746121     
  0.81000000000000005        5341161.4855722990     
  0.82000000000000006        5162437.8611012092     
  0.83000000000000007        4991128.5218616994     
  0.83999999999999997        4824214.1923451964     
  0.84999999999999998        4673220.7919117585     
  0.85999999999999999        4512136.2334896689     
  0.87000000000000000        4370233.0555181177     
  0.88000000000000000        4229798.2968132384     
  0.89000000000000001        4095403.3352125632     
  0.90000000000000002        3974149.2886867146     
  0.91000000000000003        3840743.2708817958     
  0.92000000000000004        3719245.2231015800     
  0.93000000000000005        3604015.4312868747     
  0.94000000000000006        3489241.0125450254     
  0.95000000000000007        3374754.3421034198     
  0.95999999999999996        3264147.0206271033     
  0.96999999999999997        3170269.0909578120     
  0.97999999999999998        3067066.2111952244     
  0.98999999999999999        2972445.6488460307     
   1.0000000000000000        2876938.1629323983     
   1.0000000000000000E-002   1255302583312.2859     
   2.0000000000000000E-002   135617096345.20615     
   2.9999999999999999E-002   47284825286.174278     
   4.0000000000000001E-002   23344366955.460873     
   5.0000000000000003E-002   13645152350.136749     
   5.9999999999999998E-002   8823011373.2832680     
   7.0000000000000007E-002   6094376451.0598421     
   8.0000000000000002E-002   4410256666.5930996     
   8.9999999999999997E-002   3307598689.3513370     
  0.10000000000000001        2547476563.3770032     
  0.11000000000000000        2007456999.2394264     
  0.12000000000000000        1609778046.2727277     
  0.13000000000000000        1309368801.0996227     
  0.14000000000000001        1078815883.2431810     
  0.14999999999999999        898476205.59417045     
  0.16000000000000000        754356657.37613130     
  0.17000000000000001        638657148.70475411     
  0.17999999999999999        545431437.55796063     
  0.19000000000000000        467963049.25693214     
  0.20000000000000001        404017611.81077254     
  0.20999999999999999        350319048.28191578     
  0.22000000000000000        305421196.43971890     
  0.23000000000000001        267287657.88399428     
  0.23999999999999999        234824411.12298062     
  0.25000000000000000        206786420.89774781     
  0.26000000000000001        182932526.27842215     
  0.27000000000000002        162361253.60709211     
  0.28000000000000003        144408087.21524006     
  0.28999999999999998        128536186.80958280     
  0.29999999999999999        114998594.90545940     
  0.31000000000000000        102928959.26791130     
  0.32000000000000001        92344295.765437692     
  0.33000000000000002        82928315.061767474     
  0.34000000000000002        74829144.651301861     
  0.35000000000000003        67423877.193176195     
  0.35999999999999999        60945593.452817641     
  0.37000000000000000        55140391.759083495     
  0.38000000000000000        49985192.511767417     
  0.39000000000000001        45355197.413813539     
  0.40000000000000002        41165623.729805373     
  0.41000000000000003        37449258.617380150     
  0.41999999999999998        34088534.620256923     
  0.42999999999999999        31079568.759381209     
  0.44000000000000000        28306300.055573273     
  0.45000000000000001        25868090.097786497     
  0.46000000000000002        23658702.324308284     
  0.47000000000000003        21689431.398958724     
  0.47999999999999998        19817731.886833064     
  0.48999999999999999        18156817.252314489     
  0.50000000000000000        16679059.366672672     
  0.51000000000000001        15283539.216351489     
  0.52000000000000002        14065989.298770243     
  0.53000000000000003        12929499.158896454     
  0.54000000000000004        11880022.704306738     
  0.55000000000000004        10937373.136544516     
  0.56000000000000005        10052593.616316300     
  0.57000000000000006        9266353.7754164245     
  0.57999999999999996        8554971.8341847900     
  0.58999999999999997        7895315.7080958476     
  0.59999999999999998        7287925.8177947700     
  0.60999999999999999        6741834.2927457299     
  0.62000000000000000        6222743.2991810208     
  0.63000000000000000        5738195.4376034578     
  0.64000000000000001        5316456.4870161349     
  0.65000000000000002        4920200.0183498161     
  0.66000000000000003        4564360.5375698470     
  0.67000000000000004        4218226.3230121583     
  0.68000000000000005        3908044.8148625102     
  0.69000000000000006        3632124.6326115690     
  0.70000000000000007        3358179.9262350826     
  0.70999999999999996        3108050.7561258152     
  0.71999999999999997        2894898.0374669433     
  0.72999999999999998        2677407.8707802114     
  0.73999999999999999        2492751.9755413341     
  0.75000000000000000        2316528.8139065928     
  0.76000000000000001        2148080.0103090899     
  0.77000000000000002        2002144.8145609160     
  0.78000000000000003        1858696.2267556747     
  0.79000000000000004        1732398.0050136470     
  0.80000000000000004        1603493.6054821750     
  0.81000000000000005        1492394.0186182370     
  0.82000000000000006        1387527.7544479484     
  0.83000000000000007        1294282.4953947596     
  0.83999999999999997        1205648.6718599461     
  0.84999999999999998        1123632.9990103161     
  0.85999999999999999        1043881.4502764320     
  0.87000000000000000        971989.07977218973     
  0.88000000000000000        905323.24374141602     
  0.89000000000000001        841320.69433553005     
  0.90000000000000002        784171.74265431426     
  0.91000000000000003        729495.75493251544     
  0.92000000000000004        680797.57040463807     
  0.93000000000000005        633643.79939540953     
  0.94000000000000006        586118.66274515784     
  0.95000000000000007        548899.38054078573     
  0.95999999999999996        510818.43457665015     
  0.96999999999999997        473654.60199235316     
  0.97999999999999998        441236.82988924911     
  0.98999999999999999        409007.32505091268     
   1.0000000000000000        375488.39414570533     
   1.0000000000000000E-002   4804601067096.0469     
   2.0000000000000000E-002   466159628407.93823     
   2.9999999999999999E-002   144482576964.72226     
   4.0000000000000001E-002   62933441807.747391     
   5.0000000000000003E-002   32326052331.765133     
   5.9999999999999998E-002   18296752609.215118     
   7.0000000000000007E-002   11033575787.555199     
   8.0000000000000002E-002   6963612903.1147890     
   8.9999999999999997E-002   4545308505.1051502     
  0.10000000000000001        3047880929.9278836     
  0.11000000000000000        2083121878.5782027     
  0.12000000000000000        1450450405.3240950     
  0.13000000000000000        1023656241.1505021     
  0.14000000000000001        731438514.48678589     
  0.14999999999999999        527191060.02792680     
  0.16000000000000000        383535469.76522845     
  0.17000000000000001        281212146.67778319     
  0.17999999999999999        207485856.95659107     
  0.19000000000000000        154295623.10570854     
  0.20000000000000001        115052632.20675416     
  0.20999999999999999        86373515.316464350     
  0.22000000000000000        64995581.262557045     
  0.23000000000000001        49111359.629987672     
  0.23999999999999999        37292502.741582371     
  0.25000000000000000        28408010.274382338     
  0.26000000000000001        21709132.794877477     
  0.27000000000000002        16612394.148049992     
  0.28000000000000003        12717206.417775050     
  0.28999999999999998        9861363.2672747020     
  0.29999999999999999        7559720.2568907542     
  0.31000000000000000        5844740.1715103686     
  0.32000000000000001        4539133.2863341821     
  0.33000000000000002        3511252.7461502994     
  0.34000000000000002        2729113.9679169818     
  0.35000000000000003        2116089.8443845049     
  0.35999999999999999        1666117.2200675404     
  0.37000000000000000        1298397.4094776644     
  0.38000000000000000        1005357.8084546595     
  0.39000000000000001        801077.66136883001     
  0.40000000000000002        612148.36459413217     
  0.41000000000000003        479108.65996071568     
  0.41999999999999998        376357.55865089857     
  0.42999999999999999        298537.99744479125     
  0.44000000000000000        236511.08166402509     
  0.45000000000000001        186481.61373445130     
  0.46000000000000002        146968.00457397153     
  0.47000000000000003        115637.20776309571     
  0.47999999999999998        91791.487354670797     
  0.48999999999999999        72672.574152671266     
  0.50000000000000000        56788.811248997816     
  0.51000000000000001        46530.263351225876     
  0.52000000000000002        36637.720035863909     
  0.53000000000000003        28521.396780354607     
  0.54000000000000004        23414.333575348821     
  0.55000000000000004        18643.307350208779     
  0.56000000000000005        14258.798096598013     
  0.57000000000000006        10969.295092596310     
  0.57999999999999996        8904.4529499662021     
  0.58999999999999997        7380.6758942754286     
  0.59999999999999998        5317.9291977746498     
  0.60999999999999999        4672.1586058410758     
  0.62000000000000000        3383.2946599047923     
  0.63000000000000000        2910.9592288341123     
  0.64000000000000001        2196.2981536812558     
  0.65000000000000002        1923.7234151887089     
  0.66000000000000003        1359.5114372099151     
  0.67000000000000004        1215.0493339979896     
  0.68000000000000005        890.83569488964213     
  0.69000000000000006        638.20969673543004     
  0.70000000000000007        626.56534286368014     
  0.70999999999999996        555.56217010667149     
  0.71999999999999997        330.82374215624907     
  0.72999999999999998        245.38495057937456     
  0.73999999999999999        181.53137417034770     
  0.75000000000000000        214.18223250606559     
  0.76000000000000001        173.96395990852295     
  0.77000000000000002        107.26298303404387     
  0.78000000000000003        98.616968993560363     
  0.79000000000000004        54.038888539474627     
  0.80000000000000004        59.541341907300357     
  0.81000000000000005        28.661667373784613     
  0.82000000000000006        28.461601715844193     
  0.83000000000000007        20.841548911031449     
  0.83999999999999997        12.731050288486143     
  0.84999999999999998        19.415373897054639     
  0.85999999999999999        14.375345940103761     
  0.87000000000000000        6.8037720680017371     
  0.88000000000000000        19.669043441944826     
  0.89000000000000001        5.4580400365474899     
  0.90000000000000002        12.178993217382361     
  0.91000000000000003        1.7803409077910213     
  0.92000000000000004        1.7628039667994126     
  0.93000000000000005       0.83365539250293585     
  0.94000000000000006       0.55398223041059669     
  0.95000000000000007       0.15987777234033765     
  0.95999999999999996       0.32390850994161602     
  0.96999999999999997        2.3663215539339149     
  0.97999999999999998       0.13172724347220258     
  0.98999999999999999        6.8869851526622311E-002
   1.0000000000000000       0.36009905991366858     
   1.0000000000000000E-002   25492032185.013363     
   2.0000000000000000E-002   2828135891.8931074     
   2.9999999999999999E-002   1020902689.9201744     
   4.0000000000000001E-002   521008761.12593269     
   5.0000000000000003E-002   315500179.17497325     
   5.9999999999999998E-002   211546079.78282091     
   7.0000000000000007E-002   151479144.11683074     
   8.0000000000000002E-002   114015634.34892780     
   8.9999999999999997E-002   88764723.759350076     
  0.10000000000000001        71148193.295546860     
  0.11000000000000000        58187364.571075290     
  0.12000000000000000        48592503.495147981     
  0.13000000000000000        41129256.786550298     
  0.14000000000000001        35270971.552557230     
  0.14999999999999999        30566025.663858231     
  0.16000000000000000        26816873.740049355     
  0.17000000000000001        23644869.104082499     
  0.17999999999999999        21012610.203543846     
  0.19000000000000000        18824925.628186718     
  0.20000000000000001        16965955.106138919     
  0.20999999999999999        15335686.425082833     
  0.22000000000000000        13979342.982157541     
  0.23000000000000001        12743277.618148839     
  0.23999999999999999        11689311.358376231     
  0.25000000000000000        10751504.922707528     
  0.26000000000000001        9921286.6357158851     
  0.27000000000000002        9201415.3842691500     
  0.28000000000000003        8538433.3054903988     
  0.28999999999999998        7960755.7636107747     
  0.29999999999999999        7447508.7308642799     
  0.31000000000000000        6938276.3661224116     
  0.32000000000000001        6512100.8275859356     
  0.33000000000000002        6131192.5565838441     
  0.34000000000000002        5764020.3826556643     
  0.35000000000000003        5438590.7762726080     
  0.35999999999999999        5134684.8905173047     
  0.37000000000000000        4854377.6727469349     
  0.38000000000000000        4589445.9270001017     
  0.39000000000000001        4370334.7310678288     
  0.40000000000000002        4141921.4833123125     
  0.41000000000000003        3944507.7124705194     
  0.41999999999999998        3751887.3768175067     
  0.42999999999999999        3573751.9136119573     
  0.44000000000000000        3420602.9793530013     
  0.45000000000000001        3266932.2626023320     
  0.46000000000000002        3117147.3006785922     
  0.47000000000000003        2989165.1026663845     
  0.47999999999999998        2858672.4378946908     
  0.48999999999999999        2747464.7842132840     
  0.50000000000000000        2634604.0731289205     
  0.51000000000000001        2531396.0807447471     
  0.52000000000000002        2430440.5116294958     
  0.53000000000000003        2343216.9901747019     
  0.54000000000000004        2252479.4232730013     
  0.55000000000000004        2164117.3605295224     
  0.56000000000000005        2086949.8813527892     
  0.57000000000000006        2015519.2821828621     
  0.57999999999999996        1942709.9264396906     
  0.58999999999999997        1877875.2053425096     
  0.59999999999999998        1812700.4396084414     
  0.60999999999999999        1749107.8837058314     
  0.62000000000000000        1695768.6276805960     
  0.63000000000000000        1640382.8671101797     
  0.64000000000000001        1585104.7434044080     
  0.65000000000000002        1534566.8414725445     
  0.66000000000000003        1493004.9928069073     
  0.67000000000000004        1445466.0972291562     
  0.68000000000000005        1400767.4384295861     
  0.69000000000000006        1359499.3294449046     
  0.70000000000000007        1319334.8523074889     
  0.70999999999999996        1280546.6910863309     
  0.71999999999999997        1241861.6379121607     
  0.72999999999999998        1206138.7928057308     
  0.73999999999999999        1174026.2117764854     
  0.75000000000000000        1139140.4012426459     
  0.76000000000000001        1108701.8834239854     
  0.77000000000000002        1079376.4928317892     
  0.78000000000000003        1050456.1089125285     
  0.79000000000000004        1022772.1648102234     
  0.80000000000000004        997063.49440604926     
  0.81000000000000005        968970.10828326375     
  0.82000000000000006        943140.68152628886     
  0.83000000000000007        921182.78615224524     
  0.83999999999999997        896886.27408345637     
  0.84999999999999998        872741.92416509904     
  0.85999999999999999        852183.29312191403     
  0.87000000000000000        830748.80554262688     
  0.88000000000000000        810095.11916199932     
  0.89000000000000001        791590.61729861598     
  0.90000000000000002        772091.56886287872     
  0.91000000000000003        754360.95117306313     
  0.92000000000000004        735986.52906757977     
  0.93000000000000005        719086.12457227567     
  0.94000000000000006        701401.55859172565     
  0.95000000000000007        685405.90881254210     
  0.95999999999999996        668776.76543722115     
  0.96999999999999997        653384.35801661725     
  0.97999999999999998        638341.75603864575     
  0.98999999999999999        624143.29544448538     
   1.0000000000000000        608711.29055126512     
   1.0000000000000000E-002   127669620794.19240     
   2.0000000000000000E-002   14248401376.653149     
   2.9999999999999999E-002   5150210357.7220306     
   4.0000000000000001E-002   2639598288.6308336     
   5.0000000000000003E-002   1600574029.9756978     
   5.9999999999999998E-002   1074708080.0672925     
   7.0000000000000007E-002   772468466.40843892     
   8.0000000000000002E-002   581486013.82689011     
   8.9999999999999997E-002   453880421.78806669     
  0.10000000000000001        363674894.16115969     
  0.11000000000000000        298225942.70723897     
  0.12000000000000000        249364012.16551799     
  0.13000000000000000        211361748.32550243     
  0.14000000000000001        181611230.47083205     
  0.14999999999999999        157608546.38743588     
  0.16000000000000000        137986047.73007926     
  0.17000000000000001        121948667.08330365     
  0.17999999999999999        108575259.66962373     
  0.19000000000000000        97075776.309940815     
  0.20000000000000001        87432732.682906061     
  0.20999999999999999        79050192.539989322     
  0.22000000000000000        71848513.986575723     
  0.23000000000000001        65664131.473150104     
  0.23999999999999999        60210218.278371803     
  0.25000000000000000        55358450.188657507     
  0.26000000000000001        51051250.429943845     
  0.27000000000000002        47259086.239208907     
  0.28000000000000003        43907065.216328859     
  0.28999999999999998        40859538.111644089     
  0.29999999999999999        38032101.838782698     
  0.31000000000000000        35565212.736229368     
  0.32000000000000001        33297293.094805922     
  0.33000000000000002        31272227.638409100     
  0.34000000000000002        29323910.377919920     
  0.35000000000000003        27689920.296868157     
  0.35999999999999999        26080883.308661181     
  0.37000000000000000        24579726.091199026     
  0.38000000000000000        23243733.026146378     
  0.39000000000000001        22008713.391610436     
  0.40000000000000002        20891593.583229542     
  0.41000000000000003        19829557.500151407     
  0.41999999999999998        18844470.647296362     
  0.42999999999999999        17930018.064375751     
  0.44000000000000000        17052784.916422449     
  0.45000000000000001        16243803.450513052     
  0.46000000000000002        15512667.254079806     
  0.47000000000000003        14806621.694471147     
  0.47999999999999998        14156020.096727869     
  0.48999999999999999        13519492.392239945     
  0.50000000000000000        12944003.633192316     
  0.51000000000000001        12414808.209628984     
  0.52000000000000002        11884847.395056836     
  0.53000000000000003        11398173.185555292     
  0.54000000000000004        10954798.351139320     
  0.55000000000000004        10506195.858487528     
  0.56000000000000005        10092282.950230287     
  0.57000000000000006        9687205.3243625518     
  0.57999999999999996        9307408.4151939247     
  0.58999999999999997        8969977.6956284828     
  0.59999999999999998        8638932.5280533358     
  0.60999999999999999        8315117.3284670087     
  0.62000000000000000        8008026.0579273645     
  0.63000000000000000        7716803.9279324915     
  0.64000000000000001        7436226.3326948816     
  0.65000000000000002        7171413.1644177213     
  0.66000000000000003        6924292.7170771053     
  0.67000000000000004        6676142.5978466608     
  0.68000000000000005        6455762.3764765179     
  0.69000000000000006        6231788.5132750357     
  0.70000000000000007        6022973.9433950204     
  0.70999999999999996        5820557.6429909617     
  0.71999999999999997        5629990.3728466285     
  0.72999999999999998        5442121.4316551918     
  0.73999999999999999        5255979.3920738744     
  0.75000000000000000        5087880.5548101915     
  0.76000000000000001        4921670.5570621639     
  0.77000000000000002        4760932.6176476134     
  0.78000000000000003        4611114.3062698599     
  0.79000000000000004        4459472.0579529218     
  0.80000000000000004        4325112.5153012862     
  0.81000000000000005        4180705.5889846850     
  0.82000000000000006        4049524.7557287677     
  0.83000000000000007        3924568.7447954374     
  0.83999999999999997        3799154.7866298663     
  0.84999999999999998        3680148.6391700483     
  0.85999999999999999        3565083.1594743347     
  0.87000000000000000        3453246.0674402565     
  0.88000000000000000        3341885.7850417681     
  0.89000000000000001        3244694.0828519277     
  0.90000000000000002        3141034.4935282795     
  0.91000000000000003        3040218.0783667378     
  0.92000000000000004        2942157.8675412582     
  0.93000000000000005        2850479.6354100290     
  0.94000000000000006        2757548.7241172553     
  0.95000000000000007        2666099.8861891618     
  0.95999999999999996        2578610.4842285695     
  0.96999999999999997        2488889.5131913610     
  0.97999999999999998        2407276.7196379649     
  0.98999999999999999        2325920.5735233808     
   1.0000000000000000        2234540.2929659537     
   1.0000000000000000E-002   642790839520.04163     
   2.0000000000000000E-002   72638822792.535217     
   2.9999999999999999E-002   26451330789.473499     
   4.0000000000000001E-002   13605434040.452843     
   5.0000000000000003E-002   8254275232.6262913     
   5.9999999999999998E-002   5525637702.8345423     
   7.0000000000000007E-002   3954592285.3207984     
   8.0000000000000002E-002   2957600098.5465813     
   8.9999999999999997E-002   2288263231.6230626     
  0.10000000000000001        1816787088.9601738     
  0.11000000000000000        1472975098.9593201     
  0.12000000000000000        1213837543.5564611     
  0.13000000000000000        1015614065.8415024     
  0.14000000000000001        858964995.99800897     
  0.14999999999999999        733129134.48142231     
  0.16000000000000000        632546534.93277705     
  0.17000000000000001        548956109.12676501     
  0.17999999999999999        479569923.29129690     
  0.19000000000000000        421360566.09226662     
  0.20000000000000001        372133779.40098500     
  0.20999999999999999        329775331.02490735     
  0.22000000000000000        293650730.60172349     
  0.23000000000000001        262748726.93010831     
  0.23999999999999999        235182883.21637842     
  0.25000000000000000        211891988.72878850     
  0.26000000000000001        191136944.04296544     
  0.27000000000000002        172907667.35431385     
  0.28000000000000003        156693296.03862679     
  0.28999999999999998        142271628.01204151     
  0.29999999999999999        129641178.98289937     
  0.31000000000000000        118090528.55095996     
  0.32000000000000001        107991916.43780077     
  0.33000000000000002        98804166.769755781     
  0.34000000000000002        90585906.025578767     
  0.35000000000000003        83093076.772572368     
  0.35999999999999999        76356853.919943511     
  0.37000000000000000        70240653.561050802     
  0.38000000000000000        64722582.753301971     
  0.39000000000000001        59658974.869036928     
  0.40000000000000002        55077411.239364214     
  0.41000000000000003        50901333.170982346     
  0.41999999999999998        47105320.024336375     
  0.42999999999999999        43595204.106730402     
  0.44000000000000000        40413339.339641728     
  0.45000000000000001        37439692.156959191     
  0.46000000000000002        34746690.439317711     
  0.47000000000000003        32290576.065016869     
  0.47999999999999998        30004984.915386666     
  0.48999999999999999        27900767.140703209     
  0.50000000000000000        25984943.835966267     
  0.51000000000000001        24168478.264379196     
  0.52000000000000002        22526970.229795296     
  0.53000000000000003        20998859.567004070     
  0.54000000000000004        19560902.964866888     
  0.55000000000000004        18266623.823863018     
  0.56000000000000005        17059306.315600831     
  0.57000000000000006        15928578.348224178     
  0.57999999999999996        14882100.450261911     
  0.58999999999999997        13907875.882251600     
  0.59999999999999998        13016987.595113449     
  0.60999999999999999        12180192.049471732     
  0.62000000000000000        11386836.055404287     
  0.63000000000000000        10652176.556887085     
  0.64000000000000001        9978743.7121635899     
  0.65000000000000002        9345515.9345216881     
  0.66000000000000003        8748964.2968873121     
  0.67000000000000004        8203205.7510155980     
  0.68000000000000005        7704292.9790762346     
  0.69000000000000006        7217885.3974507153     
  0.70000000000000007        6769762.8317626873     
  0.70999999999999996        6354117.5538190892     
  0.71999999999999997        5956170.1961301062     
  0.72999999999999998        5592469.9049180383     
  0.73999999999999999        5245952.1388749881     
  0.75000000000000000        4920642.5530434493     
  0.76000000000000001        4628586.3271153523     
  0.77000000000000002        4340686.2957700891     
  0.78000000000000003        4076966.6361527797     
  0.79000000000000004        3827566.3541244096     
  0.80000000000000004        3595875.7043420356     
  0.81000000000000005        3376081.7549262769     
  0.82000000000000006        3162842.7347762780     
  0.83000000000000007        2971060.4939583996     
  0.83999999999999997        2790288.1829979145     
  0.84999999999999998        2618656.3087553042     
  0.85999999999999999        2454642.6479307520     
  0.87000000000000000        2301399.2790845879     
  0.88000000000000000        2159028.9876018614     
  0.89000000000000001        2020192.6396365012     
  0.90000000000000002        1892113.8485001610     
  0.91000000000000003        1769852.5089571120     
  0.92000000000000004        1652569.2219878538     
  0.93000000000000005        1543422.1424789617     
  0.94000000000000006        1437785.6941435500     
  0.95000000000000007        1337821.1608456089     
  0.95999999999999996        1240128.6686234043     
  0.96999999999999997        1147099.4153707733     
  0.97999999999999998        1055755.4497767696     
  0.98999999999999999        966812.90250796080     
   1.0000000000000000        873454.32928753120     
   1.0000000000000000E-002   2625260320511.2720     
   2.0000000000000000E-002   296693042920.34937     
   2.9999999999999999E-002   104365389576.38911     
   4.0000000000000001E-002   50742031604.862030     
   5.0000000000000003E-002   28724563847.929169     
   5.9999999999999998E-002   17762679669.379482     
   7.0000000000000007E-002   11629903582.672060     
   8.0000000000000002E-002   7917838128.8401279     
   8.9999999999999997E-002   5550633898.9785233     
  0.10000000000000001        3980158660.7344489     
  0.11000000000000000        2902192183.3385696     
  0.12000000000000000        2146493240.9996893     
  0.13000000000000000        1606115849.7599986     
  0.14000000000000001        1212418355.6718264     
  0.14999999999999999        923594576.50245750     
  0.16000000000000000        708503383.00557745     
  0.17000000000000001        546727559.67798853     
  0.17999999999999999        423725582.19835681     
  0.19000000000000000        330299719.25183523     
  0.20000000000000001        258274738.20520908     
  0.20999999999999999        202826350.88075244     
  0.22000000000000000        159661732.42714044     
  0.23000000000000001        126073563.82432975     
  0.23999999999999999        99950851.451281622     
  0.25000000000000000        79375377.607021660     
  0.26000000000000001        63110383.587642476     
  0.27000000000000002        50383692.127203070     
  0.28000000000000003        40221762.784676619     
  0.28999999999999998        32200548.071510728     
  0.29999999999999999        25855120.178054594     
  0.31000000000000000        20704352.360686384     
  0.32000000000000001        16682541.217747532     
  0.33000000000000002        13424787.330510551     
  0.34000000000000002        10822954.564990574     
  0.35000000000000003        8730972.8548124526     
  0.35999999999999999        7055045.2241051840     
  0.37000000000000000        5705314.2246061228     
  0.38000000000000000        4604757.1990650157     
  0.39000000000000001        3724916.7512179944     
  0.40000000000000002        3025906.3990902114     
  0.41000000000000003        2464170.4377329587     
  0.41999999999999998        1997002.1243079137     
  0.42999999999999999        1623988.6618721187     
  0.44000000000000000        1318467.1993341015     
  0.45000000000000001        1074588.0632186211     
  0.46000000000000002        873621.44830566901     
  0.47000000000000003        709220.61020320328     
  0.47999999999999998        581874.49310151953     
  0.48999999999999999        472349.63292489335     
  0.50000000000000000        386075.78756393516     
  0.51000000000000001        315106.26181286015     
  0.52000000000000002        256560.12742805944     
  0.53000000000000003        210234.47571310058     
  0.54000000000000004        171814.99060081481     
  0.55000000000000004        140789.14601803920     
  0.56000000000000005        115411.49824763639     
  0.57000000000000006        94103.850187968768     
  0.57999999999999996        77348.348787704832     
  0.58999999999999997        63081.182393864110     
  0.59999999999999998        51280.799544422538     
  0.60999999999999999        42248.779175653865     
  0.62000000000000000        34964.384700403883     
  0.63000000000000000        28156.147692513725     
  0.64000000000000001        23148.425642646416     
  0.65000000000000002        19364.183730023349     
  0.66000000000000003        15803.708314982370     
  0.67000000000000004        12988.800539317530     
  0.68000000000000005        10369.301327458228     
  0.69000000000000006        8588.5526023245566     
  0.70000000000000007        7140.4058931109766     
  0.70999999999999996        5820.6112188626594     
  0.71999999999999997        4742.4181555375881     
  0.72999999999999998        3984.6864800732924     
  0.73999999999999999        3265.4114023368197     
  0.75000000000000000        2613.5916510459942     
  0.76000000000000001        2110.2224046090164     
  0.77000000000000002        1800.2625327951164     
  0.78000000000000003        1469.3026443334347     
  0.79000000000000004        1208.6442848981326     
  0.80000000000000004        1057.2328375325337     
  0.81000000000000005        868.34322668483355     
  0.82000000000000006        684.33276688377873     
  0.83000000000000007        548.02348959525534     
  0.83999999999999997        440.06458923705355     
  0.84999999999999998        391.55584680884510     
  0.85999999999999999        301.85502570124993     
  0.87000000000000000        273.78511910216645     
  0.88000000000000000        216.10439448363994     
  0.89000000000000001        175.13904002880363     
  0.90000000000000002        139.08654726396952     
  0.91000000000000003        115.65733734070614     
  0.92000000000000004        95.598646695711480     
  0.93000000000000005        69.766851648902247     
  0.94000000000000006        64.919138889811904     
  0.95000000000000007        58.223892241125981     
  0.95999999999999996        40.862560678654830     
  0.96999999999999997        37.021034232457275     
  0.97999999999999998        28.507178240467031     
  0.98999999999999999        23.259918077419869     
   1.0000000000000000        13.257066500549072     
